100.0 -0.4417 0.0839
132.66133333333335 -0.4423 0.0000
165.3226666666667 -0.5132 0.0000
197.98400000000004 -0.5277 0.0000
230.64533333333338 -0.5536 0.0000
263.30666666666673 -0.5368 0.0000
295.9680000000001 -0.5283 0.0000
328.6293333333334 -0.5204 0.0000
361.29066666666677 -0.5398 0.0000
393.9520000000001 -0.5581 0.0000
426.61333333333346 -0.5872 0.0423
459.2746666666668 -0.5875 0.0000
491.93600000000015 -0.5849 0.0000
524.5973333333335 -0.5716 0.0000
557.2586666666668 -0.5435 0.0000
589.9200000000002 -0.5247 0.0000
622.5813333333335 -0.5230 0.0000
655.2426666666669 -0.5103 0.0000
687.9040000000002 -0.5222 0.0000
720.5653333333336 -0.4995 0.0000
753.2266666666669 -0.5083 0.0377
785.8880000000003 -0.4967 0.0000
818.5493333333336 -0.4831 0.0000
851.210666666667 -0.4790 0.0000
883.8720000000003 -0.4955 0.0000
916.5333333333336 -0.4982 0.0000
949.194666666667 -0.5044 0.0000
981.8560000000003 -0.4937 0.0000
1014.5173333333337 -0.4964 0.0000
1047.1786666666671 -0.5006 0.0000
1079.8400000000004 -0.4904 0.0315
1112.5013333333336 -0.5030 0.0000
1145.162666666667 -0.5048 0.0000
1177.8240000000005 -0.4988 0.0000
1210.4853333333338 -0.4972 0.0000
1243.146666666667 -0.5019 0.0000
1275.8080000000004 -0.5043 0.0000
1308.469333333334 -0.5027 0.0000
1341.1306666666671 -0.5020 0.0000
1373.7920000000004 -0.5012 0.0000
1406.4533333333338 -0.5002 0.0297
1439.1146666666673 -0.4928 0.0000
1471.7760000000005 -0.4912 0.0000
1504.4373333333338 -0.4845 0.0000
1537.0986666666672 -0.4963 0.0000
1569.7600000000007 -0.4976 0.0000
1602.421333333334 -0.4959 0.0000
1635.0826666666671 -0.5037 0.0000
1667.7440000000006 -0.5020 0.0000
1700.405333333334 -0.5054 0.0000
1733.0666666666673 -0.5062 0.0250
1765.7280000000005 -0.5064 0.0000
1798.389333333334 -0.5033 0.0000
1831.0506666666674 -0.5054 0.0000
1863.7120000000007 -0.5141 0.0000
1896.373333333334 -0.5116 0.0000
1929.0346666666674 -0.5184 0.0000
1961.6960000000008 -0.5184 0.0000
1994.357333333334 -0.5177 0.0000
2027.0186666666673 -0.5166 0.0000
2059.6800000000007 -0.5201 0.0232
2092.341333333334 -0.5215 0.0000
2125.002666666667 -0.5232 0.0000
2157.6640000000007 -0.5211 0.0000
2190.325333333334 -0.5219 0.0000
2222.9866666666676 -0.5245 0.0000
2255.648000000001 -0.5237 0.0000
2288.309333333334 -0.5208 0.0000
2320.9706666666675 -0.5136 0.0000
2353.632000000001 -0.5095 0.0000
2386.293333333334 -0.5085 0.0198
2418.9546666666674 -0.5091 0.0000
2451.616000000001 -0.5096 0.0000
2484.2773333333344 -0.5105 0.0000
2516.938666666668 -0.5117 0.0000
2549.600000000001 -0.5125 0.0000
2582.2613333333343 -0.5140 0.0000
2614.9226666666677 -0.5213 0.0000
2647.5840000000007 -0.5249 0.0000
2680.245333333334 -0.5270 0.0000
2712.9066666666677 -0.5255 0.0193
2745.568000000001 -0.5310 0.0000
2778.2293333333346 -0.5337 0.0000
2810.8906666666676 -0.5332 0.0000
2843.552000000001 -0.5310 0.0000
2876.2133333333345 -0.5304 0.0000
2908.8746666666675 -0.5293 0.0000
2941.536000000001 -0.5320 0.0000
2974.1973333333344 -0.5345 0.0000
3006.858666666668 -0.5358 0.0000
3039.5200000000013 -0.5356 0.0181
3072.1813333333344 -0.5346 0.0000
3104.842666666668 -0.5313 0.0000
3137.5040000000013 -0.5330 0.0000
3170.1653333333343 -0.5327 0.0000
3202.8266666666677 -0.5329 0.0000
3235.488000000001 -0.5323 0.0000
3268.1493333333347 -0.5314 0.0000
3300.810666666668 -0.5324 0.0000
3333.472000000001 -0.5294 0.0000
3366.1333333333346 -0.5313 0.0164
3398.794666666668 -0.5322 0.0000
3431.456000000001 -0.5286 0.0000
3464.1173333333345 -0.5297 0.0000
3496.778666666668 -0.5290 0.0000
3529.4400000000014 -0.5297 0.0000
3562.101333333335 -0.5323 0.0000
3594.762666666668 -0.5325 0.0000
3627.4240000000013 -0.5304 0.0000
3660.085333333335 -0.5288 0.0000
3692.746666666668 -0.5260 0.0156
3725.4080000000013 -0.5277 0.0000
3758.0693333333347 -0.5292 0.0000
3790.730666666668 -0.5277 0.0000
3823.3920000000016 -0.5316 0.0000
3856.0533333333346 -0.5290 0.0000
3888.714666666668 -0.5281 0.0000
3921.3760000000016 -0.5265 0.0000
3954.0373333333346 -0.5258 0.0000
3986.698666666668 -0.5238 0.0000
4019.3600000000015 -0.5226 0.0153
4052.021333333335 -0.5227 0.0000
4084.6826666666684 -0.5214 0.0000
4117.344000000001 -0.5201 0.0000
4150.005333333334 -0.5193 0.0000
4182.666666666668 -0.5189 0.0000
4215.328000000001 -0.5174 0.0000
4247.989333333335 -0.5188 0.0000
4280.650666666668 -0.5203 0.0000
4313.312000000002 -0.5231 0.0000
4345.973333333335 -0.5216 0.0154
4378.634666666669 -0.5220 0.0000
4411.296000000002 -0.5215 0.0000
4443.957333333335 -0.5231 0.0000
4476.618666666668 -0.5229 0.0000
4509.280000000002 -0.5222 0.0000
4541.941333333335 -0.5245 0.0000
4574.6026666666685 -0.5238 0.0000
4607.264000000002 -0.5249 0.0000
4639.925333333335 -0.5258 0.0000
4672.586666666668 -0.5258 0.0138
4705.248000000001 -0.5253 0.0000
4737.909333333335 -0.5230 0.0000
4770.570666666668 -0.5245 0.0000
4803.232000000002 -0.5252 0.0000
4835.893333333335 -0.5268 0.0000
4868.554666666669 -0.5271 0.0000
4901.216000000002 -0.5275 0.0000
4933.877333333336 -0.5288 0.0000
4966.538666666668 -0.5292 0.0133
