100.0 -0.5799 0.0405
129.52483221476507 -0.5675 0.0000
159.04966442953014 -0.5792 0.0000
188.5744966442952 -0.5407 0.0000
218.09932885906028 -0.5653 0.0000
247.62416107382535 -0.5599 0.0000
277.1489932885904 -0.5820 0.0000
306.6738255033555 -0.5977 0.0000
336.19865771812056 -0.5844 0.0000
365.7234899328856 -0.5692 0.0000
395.2483221476507 -0.5654 0.0408
424.77315436241577 -0.5446 0.0000
454.29798657718084 -0.5433 0.0000
483.8228187919459 -0.5246 0.0000
513.347651006711 -0.5182 0.0000
542.8724832214762 -0.5050 0.0000
572.3973154362411 -0.4884 0.0000
601.9221476510061 -0.4827 0.0000
631.4469798657713 -0.4694 0.0000
660.9718120805364 -0.4394 0.0000
690.4966442953014 -0.4456 0.0398
720.0214765100663 -0.4555 0.0000
749.5463087248315 -0.4487 0.0000
779.0711409395967 -0.4395 0.0000
808.5959731543617 -0.4575 0.0000
838.1208053691266 -0.4369 0.0000
867.6456375838918 -0.4496 0.0000
897.170469798657 -0.4260 0.0000
926.695302013422 -0.4478 0.0000
956.2201342281869 -0.4695 0.0000
985.7449664429521 -0.4736 0.0406
1015.2697986577173 -0.4943 0.0000
1044.7946308724822 -0.4999 0.0000
1074.3194630872472 -0.5114 0.0000
1103.8442953020124 -0.4991 0.0000
1133.3691275167776 -0.5132 0.0000
1162.8939597315425 -0.5383 0.0000
1192.4187919463075 -0.5164 0.0000
1221.9436241610726 -0.5228 0.0000
1251.4684563758378 -0.5152 0.0000
1280.9932885906028 -0.4919 0.0400
1310.5181208053677 -0.4842 0.0000
1340.042953020133 -0.5139 0.0000
1369.567785234898 -0.5151 0.0000
1399.092617449663 -0.5432 0.0000
1428.617449664428 -0.5107 0.0000
1458.1422818791932 -0.4992 0.0000
1487.6671140939584 -0.5015 0.0000
1517.1919463087233 -0.4925 0.0000
1546.7167785234883 -0.5090 0.0000
1576.2416107382533 -0.5209 0.0395
1605.7664429530187 -0.5385 0.0000
1635.2912751677836 -0.5281 0.0000
1664.8161073825486 -0.5233 0.0000
1694.340939597314 -0.5222 0.0000
1723.865771812079 -0.4986 0.0000
1753.390604026844 -0.5293 0.0000
1782.9154362416089 -0.5707 0.0000
1812.4402684563738 -0.5769 0.0000
1841.9651006711392 -0.5804 0.0000
1871.4899328859042 -0.5877 0.0403
1901.0147651006691 -0.6143 0.0000
1930.5395973154345 -0.6371 0.0000
1960.0644295301995 -0.6510 0.0000
1989.5892617449645 -0.6605 0.0000
2019.1140939597294 -0.6645 0.0000
2048.6389261744944 -0.6491 0.0000
2078.16375838926 -0.6298 0.0000
2107.6885906040247 -0.6418 0.0000
2137.2134228187897 -0.6296 0.0000
2166.738255033555 -0.6383 0.0414
2196.26308724832 -0.6127 0.0000
2225.787919463085 -0.5811 0.0000
2255.31275167785 -0.5753 0.0000
2284.837583892615 -0.5346 0.0000
2314.3624161073803 -0.5474 0.0000
2343.8872483221453 -0.5350 0.0000
2373.4120805369103 -0.5236 0.0000
2402.9369127516757 -0.4942 0.0000
2432.4617449664406 -0.4700 0.0000
2461.9865771812056 -0.5111 0.0412
2491.5114093959705 -0.4784 0.0000
2521.0362416107355 -0.4655 0.0000
2550.561073825501 -0.4801 0.0000
2580.085906040266 -0.4867 0.0000
2609.610738255031 -0.4939 0.0000
2639.135570469796 -0.4990 0.0000
2668.660402684561 -0.5286 0.0000
2698.185234899326 -0.5640 0.0000
2727.710067114091 -0.5833 0.0000
2757.234899328856 -0.5755 0.0397
2786.7597315436215 -0.5993 0.0000
2816.2845637583864 -0.5834 0.0000
2845.8093959731514 -0.5892 0.0000
2875.334228187917 -0.5986 0.0000
2904.8590604026817 -0.5984 0.0000
2934.3838926174467 -0.5946 0.0000
2963.9087248322116 -0.5721 0.0000
2993.4335570469766 -0.6099 0.0000
3022.958389261742 -0.6080 0.0000
3052.483221476507 -0.5947 0.0403
3082.008053691272 -0.5538 0.0000
3111.5328859060373 -0.5374 0.0000
3141.0577181208023 -0.5639 0.0000
3170.5825503355672 -0.5113 0.0000
3200.107382550332 -0.5045 0.0000
3229.632214765097 -0.5099 0.0000
3259.1570469798626 -0.5140 0.0000
3288.6818791946275 -0.5206 0.0000
3318.2067114093925 -0.5112 0.0000
3347.731543624158 -0.4960 0.0402
3377.256375838923 -0.4849 0.0000
3406.781208053688 -0.4989 0.0000
3436.3060402684528 -0.5124 0.0000
3465.8308724832177 -0.4821 0.0000
3495.355704697983 -0.4597 0.0000
3524.880536912748 -0.4849 0.0000
3554.405369127513 -0.4716 0.0000
3583.9302013422785 -0.5039 0.0000
3613.455033557044 -0.5131 0.0000
3642.9798657718084 -0.5218 0.0423
3672.504697986573 -0.5501 0.0000
3702.0295302013383 -0.5351 0.0000
3731.5543624161037 -0.5061 0.0000
3761.079194630869 -0.5040 0.0000
3790.6040268456336 -0.4774 0.0000
3820.128859060399 -0.4668 0.0000
3849.6536912751635 -0.4904 0.0000
3879.178523489929 -0.4847 0.0000
3908.7033557046943 -0.4624 0.0000
3938.228187919459 -0.4390 0.0500
3967.7530201342242 -0.4325 0.0000
3997.2778523489887 -0.4120 0.0000
4026.802684563754 -0.4142 0.0000
4056.3275167785196 -0.4376 0.0000
4085.852348993285 -0.4281 0.0000
4115.3771812080495 -0.4453 0.0000
4144.902013422814 -0.4350 0.0000
4174.426845637579 -0.4505 0.0000
4203.951677852345 -0.4595 0.0000
4233.47651006711 -0.4881 0.0495
4263.001342281875 -0.4741 0.0000
4292.52617449664 -0.5038 0.0000
4322.051006711405 -0.5224 0.0000
4351.57583892617 -0.5284 0.0000
4381.100671140935 -0.5380 0.0000
4410.6255033557 -0.5309 0.0000
4440.150335570465 -0.5615 0.0000
4469.67516778523 -0.5823 0.0000
4499.2 -0.5758 0.0393
