132.66133333333335 -0.7340 0.1585
165.3226666666667 -0.6141 0.0000
197.98400000000004 -0.6824 0.0000
230.64533333333338 -0.6712 0.0000
263.30666666666673 -0.6545 0.0000
295.9680000000001 -0.5795 0.0000
328.6293333333334 -0.5671 0.0000
361.29066666666677 -0.5605 0.0000
393.9520000000001 -0.5776 0.0000
426.61333333333346 -0.5768 0.0000
459.2746666666668 -0.5730 0.0482
491.93600000000015 -0.5925 0.0000
524.5973333333335 -0.5755 0.0000
557.2586666666668 -0.5743 0.0000
589.9200000000002 -0.5841 0.0000
622.5813333333335 -0.5763 0.0000
655.2426666666669 -0.5795 0.0000
687.9040000000002 -0.5686 0.0000
720.5653333333336 -0.5836 0.0000
753.2266666666669 -0.5881 0.0000
785.8880000000003 -0.5930 0.0347
818.5493333333336 -0.5852 0.0000
851.210666666667 -0.5741 0.0000
883.8720000000003 -0.5641 0.0000
916.5333333333336 -0.5601 0.0000
949.194666666667 -0.5531 0.0000
981.8560000000003 -0.5516 0.0000
1014.5173333333337 -0.5425 0.0000
1047.178666666667 -0.5351 0.0000
1079.8400000000004 -0.5313 0.0000
1112.5013333333336 -0.5221 0.0309
1145.1626666666668 -0.5224 0.0000
1177.8240000000003 -0.5154 0.0000
1210.4853333333338 -0.5304 0.0000
1243.146666666667 -0.5240 0.0000
1275.8080000000002 -0.5283 0.0000
1308.4693333333337 -0.5331 0.0000
1341.1306666666671 -0.5238 0.0000
1373.7920000000004 -0.5195 0.0000
1406.4533333333336 -0.5142 0.0000
1439.114666666667 -0.5177 0.0256
1471.7760000000005 -0.5260 0.0000
1504.4373333333338 -0.5259 0.0000
1537.098666666667 -0.5234 0.0000
1569.7600000000004 -0.5277 0.0000
1602.421333333334 -0.5194 0.0000
1635.0826666666671 -0.5207 0.0000
1667.7440000000004 -0.5234 0.0000
1700.4053333333338 -0.5182 0.0000
1733.0666666666673 -0.5225 0.0000
1765.7280000000005 -0.5190 0.0233
1798.3893333333338 -0.5179 0.0000
1831.0506666666672 -0.5205 0.0000
1863.7120000000007 -0.5196 0.0000
1896.373333333334 -0.5234 0.0000
1929.0346666666671 -0.5154 0.0000
1961.6960000000006 -0.5163 0.0000
1994.357333333334 -0.5144 0.0000
2027.0186666666673 -0.5177 0.0000
2059.6800000000007 -0.5223 0.0000
2092.341333333334 -0.5262 0.0202
2125.0026666666677 -0.5239 0.0000
2157.6640000000007 -0.5220 0.0000
2190.325333333334 -0.5188 0.0000
2222.9866666666676 -0.5201 0.0000
2255.648000000001 -0.5250 0.0000
2288.3093333333345 -0.5309 0.0000
2320.9706666666675 -0.5284 0.0000
2353.632000000001 -0.5329 0.0000
2386.2933333333344 -0.5363 0.0000
2418.9546666666674 -0.5440 0.0198
2451.616000000001 -0.5441 0.0000
2484.2773333333344 -0.5455 0.0000
2516.938666666668 -0.5468 0.0000
2549.6000000000013 -0.5459 0.0000
2582.2613333333343 -0.5464 0.0000
2614.9226666666677 -0.5465 0.0000
2647.584000000001 -0.5447 0.0000
2680.245333333334 -0.5403 0.0000
2712.9066666666677 -0.5340 0.0000
2745.568000000001 -0.5327 0.0177
2778.2293333333346 -0.5311 0.0000
2810.890666666668 -0.5332 0.0000
2843.552000000001 -0.5330 0.0000
2876.2133333333345 -0.5317 0.0000
2908.874666666668 -0.5331 0.0000
2941.536000000001 -0.5340 0.0000
2974.1973333333344 -0.5361 0.0000
3006.858666666668 -0.5347 0.0000
3039.5200000000013 -0.5344 0.0000
3072.181333333335 -0.5349 0.0166
3104.842666666668 -0.5380 0.0000
3137.5040000000013 -0.5358 0.0000
3170.1653333333347 -0.5418 0.0000
3202.8266666666677 -0.5411 0.0000
3235.488000000001 -0.5399 0.0000
3268.1493333333347 -0.5405 0.0000
3300.810666666668 -0.5390 0.0000
3333.4720000000016 -0.5412 0.0000
3366.1333333333346 -0.5408 0.0000
3398.794666666668 -0.5436 0.0160
3431.4560000000015 -0.5425 0.0000
3464.1173333333345 -0.5428 0.0000
3496.778666666668 -0.5472 0.0000
3529.4400000000014 -0.5431 0.0000
3562.101333333335 -0.5427 0.0000
3594.7626666666683 -0.5391 0.0000
3627.4240000000013 -0.5385 0.0000
3660.085333333335 -0.5367 0.0000
3692.7466666666683 -0.5368 0.0000
3725.4080000000013 -0.5365 0.0150
3758.0693333333347 -0.5368 0.0000
3790.730666666668 -0.5387 0.0000
3823.3920000000016 -0.5373 0.0000
3856.053333333335 -0.5352 0.0000
3888.714666666668 -0.5351 0.0000
3921.3760000000016 -0.5391 0.0000
3954.037333333335 -0.5353 0.0000
3986.698666666668 -0.5359 0.0000
4019.3600000000015 -0.5361 0.0000
4052.021333333335 -0.5339 0.0143
4084.6826666666684 -0.5353 0.0000
4117.344000000002 -0.5354 0.0000
4150.005333333334 -0.5383 0.0000
4182.666666666668 -0.5373 0.0000
4215.328000000001 -0.5341 0.0000
4247.989333333335 -0.5318 0.0000
4280.650666666668 -0.5326 0.0000
4313.312000000002 -0.5283 0.0000
4345.973333333335 -0.5308 0.0000
4378.634666666669 -0.5292 0.0138
4411.296000000002 -0.5282 0.0000
4443.957333333336 -0.5256 0.0000
4476.618666666668 -0.5223 0.0000
4509.280000000002 -0.5213 0.0000
4541.941333333335 -0.5220 0.0000
4574.6026666666685 -0.5220 0.0000
4607.264000000002 -0.5252 0.0000
4639.925333333335 -0.5268 0.0000
4672.586666666669 -0.5288 0.0000
4705.248000000001 -0.5282 0.0133
4737.909333333335 -0.5277 0.0000
4770.570666666668 -0.5273 0.0000
4803.232000000002 -0.5277 0.0000
4835.893333333335 -0.5285 0.0000
4868.554666666669 -0.5306 0.0000
4901.216000000002 -0.5295 0.0000
4933.877333333336 -0.5292 0.0000
4966.538666666669 -0.5286 0.0000
4999.200000000002 -0.5279 0.0137
